300 60 100 5 F
300 120 100 5 F
300 180 100 5 F
300 240 100 5 F
300 300 100 5 F
300 360 100 5 F
300 420 100 5 F
300 480 100 5 F
300 540 100 5 F
300 600 100 5 F
300 660 100 5 F
0 0.75 150 1079.25 T
1769.25 144 150 936 T
0 930 1891.5 150 T
77.25 0.75 1837.5 150 T
574.5 289 157.5 5 F
912.75 293.5 204.75 5 F
1287.75 281.25 173.25 5 F
1282.5 479.5 135.75 5 F
1087.5 637 121.5 5 F
732.75 683.5 153.75 5 F
510.75 745.75 196.5 5 F
1121.25 774.75 117 5 F
1440 764.5 120 5 F
1502.25 388 132.75 5 F
928.5 457.75 165 5 F
654.75 494.5 148.5 5 F
612 595.75 147 5 F
553.5 394.75 183.75 5 F
887.25 514.5 154.5 131.25 T
850.5 139.5 172.5 106.5 T
